%YAML:1.0
---
model_type: PINHOLE
camera_name: camera
image_width: 752
image_height: 480
distortion_parameters:
   k1: -2.9253136334712726e-01
   k2: 7.2097828389073526e-02
   p1: -1.5870227123526302e-03
   p2: 1.4627869641765411e-03
projection_parameters:
   fx: 3.6327125409669600e+02
   fy: 3.6548219923355629e+02
   cx: 3.7094160384093698e+02
   cy: 2.5273025609929471e+02
